1320
1347
1364
1371
1386
1421
1447
1456
1475
1482
1533
1535
1541
1545
1546
1566
1567
1574
1607
1623
1652
1676
1687
1697
1717
1734
1739
1744
1791
1800
1803
1816
1822
1837
1857
1867
1869
1876
1888
1905
2016
2017
2018
2019
2042
2069
2085
2099
2104
2115
2127
2192
2210
2216
2230
2243
2258
2265
2273
2328
2329
2335
2343
2355
2388
2400
2425
2446
2461
2467
2481
2494
2499
2552
2568
2570
2571
2584
2601
2602
2625
2628
2634
2638
2664
2698
2704
2714
2716
2718
2735
2739
2741
2764
2772
2825
2829
2836
2840
2841
2845
2860
2865
2893
2911
2951
2966
2997
3004
3006
3009
3013
3019
3021
3057
3081
3085
3121
3131
3139
3146
3163
3174
3203
3228
3233
3244
3260
3273
3286
3289
3361
3368
3369
3410
3418
3425
3437
3441
3448
3457
3473
3493
3499
3500
3501
3539
3569
3572
3577
3591
3592
3609
3643
3645
3669
3693
3697
3712
3734
3738
3748
3780
3789
3811
3818
3819
3826
3837
3851
3857
3865
3874
3875
3880
3884
3893
3899
3927
3954
3979
4004
4032
4049
4057
4063
4076
4078
4100
4107
4118
4145
4146
4148
4182
4185
4189
4190
4215
4231
4294
4296
4306
4356
4362
4363
4368
4381
4399
4420
4450
4453
4458
4470
4498
4511
4523
4534
4542
4543
4572
4583
4591
4624
4645
4660
4681
4694
4708
4736
4740
4769
4790
4803
4809
4810
4844
4851
4853
4863
4867
4881
4883
4898
4929
4945
4959
4963
4964
4977
4979
4982
5052
5054
5082
5094
5104
5114
5117
5130
5144
5146
5148
5163
5164
5170
5220
5230
5235
5244
5265
5266
5268
5288
5294
5296
5320
5322
5338
5355
5361
5378
5388
5406
5414
5417
5440
5473
5475
5477
5482
5497
5503
5505
5535
5541
5552